"","Mean_SSE_PlayerType","Mean_SSE_NoPlayerType","Mean_MSE_NoPlayerType","Mean_MSE_PlayerType","Adj_R_Sqr_NoPlayerType","Adj_R_Sqr_PlayerType","NA"
"1",160373720.155715,175917843.084439,1326.34023947266,24.5979255797535,0.410746535474982,0.48758724338194,8
"2",207166305.184174,189696406.393257,1377.30318518929,27.9108276340234,0.415278936884138,0.475388523362687,3
"3",157139648.283622,173881156.504865,1318.64004377565,24.3738175156098,0.412151070602473,0.524309683023024,4
"4",171051106.370876,172747357.51455,1314.33389028264,25.4202317599311,0.415681862409243,0.518368459060175,4
"5",165900490.889608,169173203.14474,1300.66599534523,25.167772344774,0.409690776725581,0.52403809551205,4
"6",161503793.112075,177799670.535434,1333.41542864718,24.7626783965526,0.415733195425701,0.483911246918356,8
"7",153597438.150279,172036018.317406,1311.62501621998,24.192200620859,0.41077941114075,0.532423788476585,4
"8",162799258.070701,180989405.849958,1345.32303128266,24.7786292221971,0.410576722712077,0.49746940704615,3
"9",163595602.904261,169818842.024779,1303.14558674301,24.9414700796384,0.411499238794025,0.53780084114897,6
"10",198353737.856384,183009190.024762,1352.80889272935,27.437504119211,0.409667104780859,0.471344426872767,3
"11",160884376.373881,172051921.527084,1311.68563889022,24.865385492716,0.412870930027776,0.473864926953835,4
"12",154574308.053532,169956208.020166,1303.67253564753,24.2090585958701,0.408827844032589,0.53243952854998,4
"13",162641134.761267,173170142.166052,1315.94126831729,24.8609766410053,0.414169077787886,0.528034844416268,4
"14",158095847.914928,170599113.982638,1306.13595763473,24.5769151632412,0.406940911362686,0.526718971183933,4
"15",189101650.547287,172249669.193306,1312.43921456693,26.9141505684982,0.406322348396112,0.500077364575822,4
"16",159085442.122574,171935333.602706,1311.24114335505,24.4200781099178,0.413589824881034,0.480201232065576,7
"17",155055795.491024,179119558.049924,1338.35555085308,24.2996453741587,0.411989118760417,0.498172921893969,3
"18",165566239.298651,184976249.100504,1360.05973802809,25.1822519037546,0.410591284777089,0.498075067205002,3
"19",157795797.4914,172366893.171989,1312.88572683227,24.654448572734,0.406006020332706,0.530257490448688,4
"20",184963998.948553,173045656.005816,1315.4681904395,26.5284020464533,0.410223355863075,0.508791436387651,4
"21",159043820.358517,175091835.136387,1323.22271419587,24.5292607941186,0.410356602198264,0.476727563850837,7
"22",155760515.782889,176293343.547462,1327.75503594399,24.2609406603953,0.411166415245558,0.531298156615096,4
"23",169549195.991788,172907697.119607,1314.94371407908,25.3311062895694,0.412936741025154,0.526781709358949,4
"24",186725492.657468,173899437.358256,1318.70935902592,26.980601774323,0.410493882388551,0.455869792789673,4
"25",177992505.15045,171162710.991585,1308.29167616241,25.996245775328,0.415589550532526,0.502615252411966,4
"26",157174014.327379,169582583.385869,1302.23877758984,24.3722542345131,0.409985178092242,0.477650568626571,7
"27",156170853.789015,173939590.679376,1318.86159501055,24.3178227139197,0.411010552373615,0.533311828701141,4
"28",157443840.969975,172474245.164666,1313.29450301395,24.5195915816564,0.414389699013949,0.528271286314374,4
"29",163673196.254307,175189865.158766,1323.59308383946,24.9045872341739,0.414566791542822,0.532667045554135,4
"30",225678805.968857,182473232.213956,1350.8265329566,29.2098952306417,0.40897668106278,0.473175565626559,3
"31",NA,NA,NA,NA,NA,NA,NA
"32",173429303.388912,173397140.785449,1316.80348110661,25.6316178363972,0.412244346516516,0.412875988543287,4
"33",169435459.9559,169314573.782496,1301.2093366653,25.5046844029222,0.410834635932711,0.418484147181946,4
"34",173491562.408261,173477714.567555,1317.10939017059,25.6420671667357,0.409702329842651,0.420103341399224,8
"35",151543573.283191,167717150.824788,1295.05656565568,24.0609966929445,0.408954447410696,0.499937596806725,4
"36",NA,NA,NA,NA,NA,NA,NA
"37",169168550.672894,169134830.584661,1300.51847578057,25.2896435737263,0.411712225368666,0.411664657323656,4
"38",173654657.845351,173616137.452598,1317.63476522365,25.5938259059315,0.410611393997491,0.412561205797014,6
"39",290023349.365004,171616595.747547,1310.02517436707,33.7817798108403,0.4112984854403,0.427830142579486,5
"40",198127556.119638,184307081.601088,1357.59744254727,27.4024371942175,0.412897046167123,0.394678010871362,3
"41",NA,NA,NA,NA,NA,NA,NA
"42",155161973.110053,173946510.571937,1318.8878290891,24.3296734771708,0.414121425727675,0.512035721133808,7
"43",154754771.257838,173091892.930521,1315.64392192767,24.1673919490696,0.411485131778869,0.502860393859524,4
"44",155990290.362156,176324245.149362,1327.87139870306,24.3178110057903,0.410554811915609,0.51619994574517,7
"45",151634878.829258,167886246.515602,1295.70925178299,24.0113623976427,0.411135712852493,0.513840808165957,4
"46",162042059.138869,178522352.798155,1336.12257221467,24.6590137635443,0.40995215618349,0.480108358581851,7
"47",166636745.847442,173038481.757138,1315.44092135351,25.2558731131765,0.409199061118971,0.531310109514511,6
"48",161516523.59414,173628663.51967,1317.68229676076,24.9156270883733,0.412561858512751,0.50387959339719,5
"49",159592931.57355,174657117.52043,1321.57904614302,24.7486445193972,0.41020723905868,0.527504020253133,4
"50",182714866.218822,176196848.284929,1327.3916087008,26.556351831019,0.411692498778305,0.534770237595518,4
"51",157375223.804552,173660347.793134,1317.80251856314,24.652866823493,0.406346563958716,0.484189957740736,7
"52",161234095.011244,174542720.568709,1321.14617120404,24.6557445633717,0.411840177927708,0.522048218761764,4
"53",159328055.604363,173561764.954777,1317.4284229315,24.522530197248,0.41001955228631,0.502715024929142,4
"54",167082631.916982,176197144.086357,1327.39272292098,25.1318022305954,0.407449385635275,0.524701566743339,4
"55",212749064.913853,176985324.030979,1330.35831275254,28.5600591234523,0.411292925662305,0.497535033649853,3
"56",158847162.179499,175064370.350433,1323.11893021917,24.2932036614985,0.408176711359119,0.482764030216589,7
"57",155658466.572368,175268320.729423,1323.88942411904,24.3071831352122,0.414163144229708,0.530556986159574,6
"58",160402257.999091,171764969.670424,1310.59135381866,24.7204892728461,0.40817704033974,0.503403934874856,5
"59",164894257.965904,170857679.939911,1307.12539543806,25.0705260925491,0.415663981052525,0.524973681237039,4
"60",202789651.577561,185706135.207137,1362.74038322469,27.8105631919584,0.412150773487659,0.5049771626953,3
"61",160329478.85721,173628388.996909,1317.68125507237,24.6436250000627,0.414215977247461,0.482451215125513,6
"62",162529396.3793,172974445.172152,1315.1974953297,24.871497993815,0.410461996167265,0.531017401395103,6
"63",160530748.391908,171556816.795932,1309.79699494209,24.7383126389081,0.410361495881282,0.502613947037329,4
"64",166127527.256733,175458512.464982,1324.60753608373,25.2761341779095,0.412971166734681,0.533219971466714,4
"65",203800290.365566,184631906.823502,1358.79323969286,27.7742230823738,0.411417024633125,0.506848785652108,3
